"abcissae"

2

0.57735026918962576450914878050194182193
-0.57735026918962576450914878050194182193

4

0.86113631159405257522394648889280952914
0.33998104358485626480266575910324470877
-0.33998104358485626480266575910324470877
-0.86113631159405257522394648889280952914

6

0.93246951420315202781230155449442102643
0.66120938646626451366139959501991266108
0.2386191860831969086305017216807119393
-0.2386191860831969086305017216807120792
-0.66120938646626451366139959501991266108
-0.93246951420315202781230155449405092342

8

0.9602898564975362316835608685698152075
0.79666647741362673959155393647594950817
0.52553240991632898581773904918924636719
0.18343464249564980493947614236018398226
-0.18343464249564980493947614236018398226
-0.52553240991632898581773904918924636719
-0.79666647741362673959155393647592699067
-0.96028985649753623168356086857042317987

10

0.97390652851717172007796401220549926737
0.86506336668898451073209668842381797331
0.67940956829902440623432736511557923792
0.43339539412924719079926594316578741807
0.14887433898163121088482600112971998816
-0.14887433898163121088482600112971998816
-0.43339539412924719079926594316583223863
-0.6794095682990244062343273651173963791
-0.86506336668898451073209668842570821521
-0.97390652851717172007796401217572787349

12

0.98156063424671925069054909039181700258
0.90411725637047485667846586621448134986
0.76990267419430468703689383322118635099
0.58731795428661744729670241894195065925
0.36783149899818019375269153664371936567
0.12523340851146891547244136946385313059
-0.12523340851146891547244136946385313059
-0.36783149899818019375269153664371845719
-0.58731795428661744729670241894312837149
-0.76990267419430468703689383321397609031
-0.90411725637047485667846586630019439779
-0.98156063424671925069054909041007110852

14

0.98628380869681233884159729880650091131
0.92843488366357351733639113939414158356
0.82720131506976499318979474413981633555
0.68729290481168547014801980304776292106
0.51524863635815409196529071855187840171
0.31911236892788976043567182416847602664
0.10805494870734366206624465021983475516
-0.10805494870734366206624465021983475516
-0.31911236892788976043567182416847602664
-0.5152486363581540919652907185522218885
-0.68729290481168547014801980302251656014
-0.8272013150697649931897947465783078186
-0.92843488366357351733639115160550679193
-0.98628380869681233884159726854449775791

16

0.98940093499164993259615417345033262743
0.94457502307323257607798841553460834509
0.86563120238783174388046789771239313239
0.75540440835500303389510120776116785873
0.61787624440264374844667176436731977749
0.45801677765722738634241944298698834894
0.28160355077925891323046050146049697589
0.09501250983763744018531933542495806314
-0.09501250983763744018531933542495806314
-0.28160355077925891323046050146049610796
-0.45801677765722738634241944298458076587
-0.6178762444026437484466717640512747509
-0.75540440835500303389510121251775696543
-0.86563120238783174388046789771239313239
-0.94457502307323257607798841553460834509
-0.98940093499164993259615417345033262743

18

0.99156516842093094673001600470615077025
0.95582394957139775518119589292977630997
0.89260246649755573920606059112714551541
0.8037049589725231156824174550145907971
0.69168704306035320787489108405200471976
0.55977083107394753460787154860499262656
0.41175116146284264603593179383338208058
0.25188622569150550958897285487791315375
0.08477501304173530124226185293578381362
-0.08477501304173530124226185293578381362
-0.25188622569150550958897285487794649912
-0.41175116146284264603593179383307262715
-0.55977083107394753460787154859616255372
-0.69168704306035320787489108299272047888
-0.8037049589725231156824174550145907971
-0.89260246649755573920606059112714551541
-0.95582394957139775518119589292977630997
-0.99156516842093094673001600470615077025

20

0.99312859918509492478612238847132027822
0.96397192727791379126766613119727722191
0.91223442825132590586775244120329811305
0.83911697182221882339452906170152068533
0.74633190646015079261430507035564159031
0.63605368072651502545283669622628593674
0.5108670019508270980043640509620542549
0.37370608871541956067254817702623140333
0.22778585114164507808049619536857708226
0.07652652113349733375464040939883821769
-0.0765265211334973337546404093988382126
-0.2277858511416450780804961953685759185
-0.37370608871541956067254817702504088679
-0.51086700195082709800436405099551679904
-0.63605368072651502545283669622628593674
-0.74633190646015079261430507035564159031
-0.83911697182221882339452906170152068533
-0.91223442825132590586775244120329811305
-0.96397192727791379126766613119727722191
-0.99312859918509492478612238847132027822

22

0.99429458548239929207303142116129898041
0.97006049783542872712395098676526871081
0.92695677218717400052069293925905319663
0.86581257772030013653642563701937872908
0.78781680597920816200427795540835152139
0.69448726318668278005068983576225677127
0.58764040350691159295887692763864734888
0.46935583798675702640633071097148841451
0.34193582089208422515814742042814273955
0.20786042668822128547884653391954675178
0.069739273319722221213841796118628083
-0.069739273319722221213841796118628083
-0.20786042668822128547884653391954675178
-0.34193582089208422515814742042739253237
-0.46935583798675702640633071111956160612
-0.58764040350691159295887692763864734888
-0.69448726318668278005068983576225677127
-0.78781680597920816200427795540835152139
-0.86581257772030013653642563701937872908
-0.92695677218717400052069293925905319663
-0.97006049783542872712395098676526871081
-0.99429458548239929207303142116129898039

24

0.99518721999702136017999740970073681188
0.97472855597130949819839199300816906174
0.93827455200273275852364900170872144965
0.88641552700440103421315434198219675509
0.82000198597390292195394987266974520808
0.74012419157855436424382810309997842552
0.64809365193697556925249578691074762667
0.54542147138883953565837561721837237001
0.43379350762604513848708423193320007685
0.31504267969616337438679329132013671537
0.19111886747361630915863982075706980176
0.06405689286260562608504308262474503956
-0.06405689286260562608504308262474503956
-0.19111886747361630915863982075707105756
-0.31504267969616337438679329131993123644
-0.43379350762604513848708423209288187861
-0.54542147138883953565837561721837237001
-0.64809365193697556925249578691074762667
-0.74012419157855436424382810309997842552
-0.82000198597390292195394987266974520808
-0.88641552700440103421315434198219675509
-0.93827455200273275852364900170872144965
-0.97472855597130949819839199300816906174
-0.99518721999702136017999740970073681188

26

0.99588570114561692900321695932290602596
0.97838544595647099110058035431192630545
0.94715906666171425013591528351803675452
0.90263786198430707421766559923121025134
0.84544594278849801879750706146783816157
0.77638594882067885619296724724228386697
0.69642726041995726486381391372942469786
0.60669229301761806323197874691688705444
0.50844071482450571769570306472556917538
0.40305175512348630648107737721404244006
0.29200483948595689514283538207882997801
0.17685882035689018396905774841834489042
0.05923009342931320709371857519840336403
-0.05923009342931320709371857519840336403
-0.17685882035689018396905774841834489042
-0.29200483948595689514283538207785609514
-0.40305175512348630648107737726102941817
-0.50844071482450571769570306472556917538
-0.60669229301761806323197874691688705444
-0.69642726041995726486381391372942469786
-0.77638594882067885619296724724228386697
-0.84544594278849801879750706146783816157
-0.90263786198430707421766559923121025134
-0.94715906666171425013591528351803675452
-0.97838544595647099110058035431192630545
-0.99588570114561692900321695932290602596

28

0.99644249757395444995043639048331099175
0.98130316537087275369455994580783027644
0.954259280628938197254101839705215589
0.91563302639213207386968942332992714635
0.86589252257439504894225456737968680434
0.80564137091717917144788595542527765867
0.73561087801363177202814451029253436802
0.65665109403886496121989817650674282157
0.56972047181140171930800328335643093313
0.47587422495511826103441184766743404263
0.37625151608907871022135720959319727915
0.27206162763517807767682635612577179911
0.16456928213338077128147177789116690418
0.05507928988403427042651652734187997819
-0.05507928988403427042651652734187998274
-0.16456928213338077128147177789116616602
-0.27206162763517807767682635612593498226
-0.376251516089078710221357209562376262
-0.47587422495511826103441184766743404263
-0.56972047181140171930800328335643093313
-0.65665109403886496121989817650674282157
-0.73561087801363177202814451029253436802
-0.80564137091717917144788595542527765867
-0.86589252257439504894225456737968680434
-0.91563302639213207386968942332992714635
-0.954259280628938197254101839705215589
-0.98130316537087275369455994580783027644
-0.99644249757395444995043639048331099175

30

0.99689348407464954027163005091869528334
0.98366812327974720997003258160566280194
0.96002186496830751221687102558179766293
0.92620004742927432587932427708047400409
0.88256053579205268154311646253022559006
0.82956576238276839744289811973250191644
0.76777743210482619491797734097450313169
0.69785049479331579693229238802664006838
0.62052618298924286114047755643118929921
0.53662414814201989926416979331107279416
0.44703376953808917678060990032285400016
0.35270472553087811347103720711512885452
0.25463692616788984643980512981781195961
0.15386991360858354696379467274325600029
0.05147184255531769583302521316672257408
-0.05147184255531769583302521316672257475
-0.15386991360858354696379467274325592475
-0.25463692616788984643980512981785691342
-0.35270472553087811347103720709732688864
-0.4470337695380891767806099003526648277
-0.53662414814201989926416979331107279416
-0.62052618298924286114047755643118929921
-0.69785049479331579693229238802664006838
-0.76777743210482619491797734097450313169
-0.82956576238276839744289811973250191644
-0.88256053579205268154311646253022559006
-0.92620004742927432587932427708047400409
-0.96002186496830751221687102558179766293
-0.98366812327974720997003258160566280194
-0.99689348407464954027163005091869528334
"weights"

2

1.5707963267948966192313216916397514421
1.5707963267948966192313216916397514421

4

0.54640911299972012453913389551760348716
1.02438721379517649469218779612214785058
1.02438721379517649469218779612214785058
0.54640911299972012453913389551760348717

6

0.26911588331920103670117434676932876362
0.56668295379276490067398915272468653976
0.73499748968293068185615819214408646481
0.73499748968293068185615819214408641278
0.56668295379276490067398915272468653973
0.26911588331920103670117434677075212134

8

0.15900941297174691830137537184367109335
0.34931531206820996910142105293561035205
0.49276924703613274783130739077855624172
0.56970235471880698399721787608038976998
0.56970235471880698399721787608038976998
0.49276924703613274783130739077855624172
0.34931531206820996910142105293564465788
0.15900941297174691830137537184128593471

10

0.1047271027425651626023439883771495582
0.23475763028027358865964263103346229333
0.34414005349095971987379852331879426043
0.42296317362025473450171599181102534208
0.46420836666084341359382055661877605737
0.46420836666084341359382055661877605737
0.42296317362025473450171599181100510965
0.34414005349095971987379852331721600111
0.23475763028027358865964263103041164913
0.10472710274256516260234398849505859326

12

0.0741028451112464095175882455731193633
0.16797990046336819324900757959534457709
0.25145045047535490624374333989869373179
0.31913464762096326997932632447053485384
0.36676921872847091959605972371236910964
0.39135926439549292064559647725661171816
0.39135926439549292064559647725661171816
0.36676921872847091959605972371236939312
0.3191346476209632699793263244698608895
0.2514504504753549062437433399055487443
0.16797990046336819324900757945274282192
0.07410284511124640951758824550044366177

14

0.05516551928813490788099624190614363234
0.125912028873456505091020933631743858
0.19088092447392431616746885873747146713
0.24693415753261453100538909778971619209
0.29144303323775622877477068390582995532
0.32232499307736698775314344117758825029
0.33813567031164314255853230473333127836
0.33813567031164314255853230473333127837
0.32232499307736698775314344117758825029
0.29144303323775622877477068390568950988
0.24693415753261453100538909780595759707
0.19088092447392431616746885629854811218
0.12591202887345650509102091294431456469
0.05516551928813490788099636277723570312

16

0.04265098350743085159886551776235813212
0.09778760673286627523066408499868395412
0.14947464061412892412842975119914729848
0.19576673026041936129788525876642528966
0.23498482973632916441157270343823425107
0.26571043931907967513647112152870746654
0.28683277361276993562195049792725825411
0.297588323011872431805489855071335974
0.297588323011872431805489855071335974
0.2868327736127699356219504979272584064
0.26571043931907967513647112152944903784
0.23498482973632916441157270358668108671
0.19576673026041936129788521938528291776
0.14947464061412892412843689062015899771
0.09778760673286627523066408499868395412
0.04265098350743085159885144947248236432

18

0.0339543546473487836139767412088838394
0.07809143079248384299308809479987811893
0.12004925635699732813545945804024641537
0.15855939210132432276540718053259590839
0.19250926853197962677012993927138042426
0.2209213737543861203324388638336035983
0.24297811949979935813510030644972651692
0.25804489724673558062584062226899794433
0.2656882338638416558598791056368325561
0.2656882338638416558598791056368325561
0.25804489724673558062584062226899331591
0.24297811949979935813510030644980107729
0.22092137375438612033243886383678415156
0.19250926853197962677012993981224930126
0.15855939210132432276540855869056440483
0.12004925635699732813545945804024641537
0.07809143079248384299308809479987811893
0.0339543546473487836139767412088838394

20

0.02766801771431923292541847598221111149
0.0637765767930686601054605227728918409
0.09844502331593073687936659235262586925
0.13081079977613566682352632727009655659
0.16011145779868497445493675525850426365
0.18565953665239513716345656633830053869
0.20685602955658783675165427780491379065
0.22320404656916060739551142470810237363
0.23432037920819076773586808362608719972
0.23994445941042299899612266552381906337
0.23994445941042299899612266552381906356
0.23432037920819076773586808362608733075
0.22320404656916060739551142470833322139
0.2068560295565878367516542777953437939
0.18565953665239513716345656633830053869
0.16011145779868497445493675525850426365
0.13081079977613566682352632727009655659
0.09844502331593073687936659235262586925
0.0637765767930686601054605227728918409
0.02766801771431923292541847598221111149

22

0.02297760128289899099264694163910823569
0.05305349134728520682675383954262493216
0.08214217877368934991784800095425132615
0.10963603622449276779622916579668790596
0.13499675936462343694903428838228067927
0.15773016924912960051129596540760880719
0.17739363585982470470771656295223549905
0.19360438076269341188401364992424860327
0.20604685949233035976815080781651933734
0.21447888405699208332090998694950463555
0.21873633038093670655672248227337505618
0.21873633038093670655672248227337505618
0.21447888405699208332090998694950463555
0.20604685949233035976815080781663904497
0.19360438076269341188401364988973474878
0.17739363585982470470771656295223549905
0.15773016924912960051129596540760880719
0.13499675936462343694903428838228067927
0.10963603622449276779622916579668790596
0.08214217877368934991784800095425132615
0.05305349134728520682675383954262493216
0.02297760128289899099264694163910823575

24

0.01938555843795160974031787218687586963
0.04481700045668667978603413269287707557
0.0695508382542888027534620277196519751
0.0931459993693033605561441597948401463
0.11521238358385511004415745232139730042
0.13538718914025100542712997056924672365
0.1533390201518110017113817217158660944
0.16877306483331750012968830965505599904
0.18143587910278281025593590052697554092
0.19111953195439147774489840266827366004
0.19766501420281103792305933814961578214
0.2009648473074462231591124036351826563
0.2009648473074462231591124036351826563
0.19766501420281103792305933814961568366
0.19111953195439147774489840266830113066
0.18143587910278281025593590049601345676
0.1687730648333175001296708428480617622
0.1533390201518110017113817217158660944
0.13538718914025100542712997056924672365
0.11521238358385511004415745232139730042
0.0931459993693033605561441597948401463
0.0695508382542888027534620277196519751
0.04481700045668667978603413269287707557
0.01938555843795160974031787218687586963

26

0.0165740573499666499436644942678153233
0.03835547080453095527952258754887048123
0.05963117223516497626299398640587309457
0.08007263913209815255712889847123999417
0.09939063955594626231989314006477175375
0.11731358812169826796440090957438395325
0.13358977839660959987629619309694842625
0.14799069153245766816599419175951061223
0.16031415536289207601943945009235074791
0.17038716866296990593092548565444948928
0.17806832502975586575999738488852761145
0.18324979610896749822060235516836901268
0.18585884450183874093046261462764230352
0.18585884450183874093046261462764230352
0.18324979610896749822060235516836901268
0.17806832502975586575999738488863832965
0.17038716866296990593092555364387210702
0.16031415536289207601943945009235074791
0.14799069153245766816599419175951061223
0.13358977839660959987629619309694842625
0.11731358812169826796440090957438395325
0.09939063955594626231989314006477175375
0.08007263913209815255712889847123999418
0.05963117223516497626299398640587309457
0.03835547080453095527952258754887048123
0.0165740573499666499436644942678153233

28

0.01433238958187148282103627155407727477
0.0331942448381412738332579857015415499
0.05168144190675128159460768654251790401
0.06954376329587394267227288625049895891
0.08656241616683249391288968845129737581
0.10253046920652553690446504240915991987
0.11725399912880556361857375836595486466
0.13055425049052970923257431698031960065
0.14226976340398225996523341798100936003
0.15225832153696067976585925896645327392
0.16039867438974422813638126722799502123
0.16659200754702652249800176799927413027
0.1707631414808222298823814606144036795
0.17286144382102941439378688259003033827
0.17286144382102941439378688259003033818
0.17076314148082222988238146061440372214
0.16659200754702652249800176799925815589
0.16039867438974422813638126723232861984
0.15225832153696067976585925896645327392
0.14226976340398225996523341798100936003
0.13055425049052970923257431698031960065
0.11725399912880556361857375836595486466
0.10253046920652553690446504240915991987
0.08656241616683249391288968845129737581
0.06954376329587394267227288625049895891
0.05168144190675128159460768654251790401
0.0331942448381412738332579857015415499
0.01433238958187148282103627155407727477

30

0.01251640750417316246125199957232611795
0.02900706059193603690217283830142773442
0.04521491341098845222649481656585810561
0.06094562917097801569937782179451422701
0.07603074068935227969218382615452925117
0.09031003860248120160336181419748783622
0.10363207796205122690586048518606030105
0.1158556141971645266443422472131416081
0.12685106359340678949014854499464710721
0.13650186653471931495278467883738367863
0.14470571954619563084529898339705370353
0.1513756583717940067783839166821459063
0.15644097923067724293853075083326273636
0.15984798802266601055415435517298961704
0.16156056936631272153697460297525966091
0.16156056936631272153697460297525966089
0.15984798802266601055415435517298962085
0.1564409792306772429385307508332589065
0.15137565837179400677838391668431690638
0.14470571954619563084529899315075600827
0.13650186653471931495278467883738367863
0.12685106359340678949014854499464710721
0.1158556141971645266443422472131416081
0.10363207796205122690586048518606030105
0.09031003860248120160336181419748783622
0.07603074068935227969218382615452925117
0.06094562917097801569937782179451422701
0.04521491341098845222649481656585810561
0.02900706059193603690217283830142773442
0.01251640750417316246125199957232611795
